kp = 20.1785 = ku, .208987 = pu

Para P:
kp = 10.08925
ki = 0
kd = 0

Para PI:
kp = 9.172045
ti = .17415583
ki = 52.66573
kd = 0

Para PID:
kp = 12.1071
ti = .1044935
td = .026123375
ki = 115.8646
kd = .316278